

STARTSTARTSTARTSTARTSTARTSTARTSTARTSTARTSTARTSTARTSTARTSTARTSTARTSTARTSTARTSTARTSTARTSTARTSTARTSTARTSTART

                                           计  算  开  始

STARTSTARTSTARTSTARTSTARTSTARTSTARTSTARTSTARTSTARTSTARTSTARTSTARTSTARTSTARTSTARTSTARTSTARTSTARTSTARTSTART


     ----------------------------------------------------------------------------------------------------
     开始：输入模型一                                                                 当前时间： 20:18:47

          版 本 号 Version           = 1.40
          求解类型 IFLAG_SOLVER_KIND = 1
          模型维度 IFLAG_Dimension   = 2
          节点变量数 IFLAG_Variable  = 2


     ***************VORONOI ELEMENT PROBLEM   ******************



          单元总数 NUMBER OF ELEMENTS =        31
          节点总数 NUMBER OF NODES    =       115
          最大边数 N_MAXSIDE          =        13
          最大内边数 MAX_SIDE_IN      =         0
          材料总数 N_MATERIAL         =         5
          工况总数 NUM_LOADCASE       =         1
          最大面数 NFACE_MAX          =         0
          最大面上节点数 FACE_NODE_MAX=         0
 OPTION                                                                         
                                                                                
                                                                                
                    
           1           0           0           0           1

          初始网格带宽优化的选项为：         0

          初始网格不进行带宽优化。

          控制是否计算复合材料宏观模量 IFLAG_homogen   = 0
          夹杂数据读取类型 Inclusion_data_real_type   = 3
          是否手动输入GET_TERM里面的各种参数 IFLAG_GET_TERM   = 0
          !G矩阵积分模式  G_integral_mode   = 1
          G矩阵积分模式：1：内外都线性积分；2：单元边二次积分，内部边线性积分；
          G矩阵积分模式：3：单元边线性积分，内部边二次积分；4：内外都二次积分。

          模型输出控制 IFLAG_OUTPUT_MODEL       = 1
          刚度矩阵输出 IFLAG_OUTPUT_LOCAL_STIFF = 0
            G 矩阵输出 IFLAG_OUTPUT_G_MATRIX    = 0
            H 矩阵输出 IFLAG_OUTPUT_H_MATRIX    = 1
          更多输出控制 IFLAG_OUTPUT             = 0


          共有含夹杂的VORONOI单元    0个。


          带宽优化前，单元连接信息
          CONNECTIVITY OF ELEMENT 

 单元编号   边数   节点（最后一列为单元类型:0为Voronoi单元） 基体材料编号   夹杂材料编号
 ELEMENT    NUM    NODE ...... 
      1  |    5   |     3     4     1    49     2     0     0     0     0     0     0     0     0    -1     1
      2  |    5   |     4    12    11    50     1     0     0     0     0     0     0     0     0    -1     1
      3  |    5   |    12    15    13    14    11     0     0     0     0     0     0     0     0    -1     1
      4  |    4   |    15    16    17    13     0     0     0     0     0     0     0     0     0    -1     1
      5  |    5   |    16    20    18    19    17     0     0     0     0     0     0     0     0    -1     1
      6  |    5   |    20    23    21    22    18     0     0     0     0     0     0     0     0    -1     1
      7  |    6   |    23    26    32    24    25    21     0     0     0     0     0     0     0    -1     1
      8  |    4   |    32    27    28    24     0     0     0     0     0     0     0     0     0    -1     1
      9  |   10   |     5     6    94    93    92     4     3    89    90    91     0     0     0    -1     3
     10  |   10   |     6    48   110    96    95    12     4    92    93    94     0     0     0    -1     3
     11  |   10   |    48    47    98   111    97    15    12    95    96   110     0     0     0    -1     3
     12  |   10   |    47    46   109   100    99    16    15    97   111    98     0     0     0    -1     3
     13  |    8   |    46    45   101    20    16    99   100   109     0     0     0     0     0    -1     3
     14  |    5   |    45    44    23    20   101     0     0     0     0     0     0     0     0    -1     3
     15  |    3   |    44    26    23     0     0     0     0     0     0     0     0     0     0    -1     3
     16  |    6   |     7     8   102     6     5   103     0     0     0     0     0     0     0    -1     4
     17  |    7   |     8    42   105   104    48     6   102     0     0     0     0     0     0    -1     4
     18  |    8   |    42    40   107   106    47    48   104   105     0     0     0     0     0    -1     4
     19  |    6   |    40    38    46    47   106   107     0     0     0     0     0     0     0    -1     4
     20  |    6   |    38   114    36   108    45    46     0     0     0     0     0     0     0    -1     4
     21  |    8   |    36   115   112   113    34    44    45   108     0     0     0     0     0    -1     4
     22  |    4   |    34    32    26    44     0     0     0     0     0     0     0     0     0    -1     4
     23  |   10   |     9    73    10    52     8     7    54    53    55    56     0     0     0    -1     5
     24  |   10   |    10    74    43    57    60    59    58    42     8    52     0     0     0    -1     5
     25  |   13   |    43    81    41    62    64    63    61    40    42    58    59    60    57    -1     5
     26  |   13   |    41    80    39    65    66    68    67    38    40    61    63    64    62    -1     5
     27  |   12   |    39    79    37    70    69    36   114    38    67    68    66    65     0    -1     5
     28  |   12   |    37    78    35    72    71    34   113   112   115    36    69    70     0    -1     5
     29  |    9   |    35    77    33    83    82    32    34    71    72     0     0     0     0    -1     5
     30  |   10   |    33    76    30    85    86    84    27    32    82    83     0     0     0    -1     5
     31  |   11   |    30    75    31    87    88    29    51    27    84    86    85     0     0    -1     5


     从  ：输入模型一                             到：完成输入模型一              消耗时间：  0: 0: 0: 14
     ----------------------------------------------------------------------------------------------------



     ----------------------------------------------------------------------------------------------------
     开始：输入模型二                                                                 当前时间： 20:18:47

               输入节点坐标信息 ----------------------------------------------------- 当前时间： 20:18:47


               输入夹杂信息 --------------------------------------------------------- 当前时间： 20:18:47


          COORDINATES AND SIZES OF CENTRE_INCLUSION  
                  夹杂的坐标和长短轴和方向

 INCLUSION    COORDINATES                   SIZES                         ORIENTATION     Internal Node Number

               输入图形输出控制选项 ------------------------------------------------- 当前时间： 20:18:47

 OUTPUT                                                                         
                                                                                
                                                                                
                    
          基体区域每个图形块分为： 10 的平方或立方
          夹杂区域每个图形块分为：  2 的平方或立方
          如果单元划分为四面体，四面体输出层数为： 10

               计算夹杂信息 --------------------------------------------------------- 当前时间： 20:18:47



     从  ：输入模型二                             到：完成输入模型二              消耗时间：  0: 0: 0:  8
     ----------------------------------------------------------------------------------------------------



     ----------------------------------------------------------------------------------------------------
     开始：计算分析                                                                   当前时间： 20:18:47


     @@@@@@@@@@@@@@@@@@@@@@@@@@@@@@@@@@@@@@@@@@@@@@@@@@@@@@@@@@@@@@@@@@@@@@@@@@@@@@@@@@@@@@@@@@@@@@@@@@@@
                              开始第  1 个荷载工况（共  1个荷载工况）
     @@@@@@@@@@@@@@@@@@@@@@@@@@@@@@@@@@@@@@@@@@@@@@@@@@@@@@@@@@@@@@@@@@@@@@@@@@@@@@@@@@@@@@@@@@@@@@@@@@@@


          第    1  组工况


          载荷增量步数 NUM_INC    =   5
          给定位移组数 N_DISPLACE =   3
          给定力组数   N_LOAD     =   1
          给定均布力组数 N_E_PRESS     =   0
          给定内压组数   N_PRESSURE    =   0
          给定绝对温度   TEMPERATURE   =    0.00000E+00

          INRMATION AND VALUES OF GIVEN DISPLACEMENTS

     ID=      1     SPECIFIED DIRECTION:     1     NUMBER OF NODES:    12
     SPECIFIED DISPLACEMENT:     0.00000E+00
     NODES:           2         3         5         7        53        54        55        56        89        90        91       103
     ID=      2     SPECIFIED DIRECTION:     0     NUMBER OF NODES:     1
     SPECIFIED DISPLACEMENT:     0.00000E+00
     NODES:           9
     ID=      3     SPECIFIED DIRECTION:     1     NUMBER OF NODES:     1
     SPECIFIED DISPLACEMENT:     0.00000E+00
     NODES:           9
     ID=      4     SPECIFIED DIRECTION:     0     NUMBER OF NODES:    19
     SPECIFIED DISPLACEMENT:     0.00000E+00
     NODES:          10        30        31        33        35        37        39        41        43         9        73        74        75        76        77        78        79        80        81

          INRMATION AND VALUES OF GIVEN FORCES


     ID_FORCE=      1     SPECIFIED DIRECTION:     0     NUMBER OF ELEMENTS:     0
     荷载类型：体力     FORCE=    0.00000E+00     -0.98000E+01      0.00000E+00
     ELEMENTS:

          INRMATION AND VALUES OF GIVEN PRESS


          INRMATION AND VALUES OF GIVEN PRESSURE



          ******************************************************************************************
                              开始第  1步的第  1子步
          ******************************************************************************************


          -----------------------------------------------------------------------------------------------
          开始：计算总刚                                                              当前时间： 20:18:47


               ------------------------------------------------------------------------------------------
               开始：计算稀疏矩阵总刚                                                 当前时间： 20:18:47


￣￣￣￣￣￣￣￣￣￣￣￣￣￣￣￣￣￣￣￣￣￣￣￣￣￣￣￣￣￣￣￣￣￣￣￣￣￣￣￣￣￣￣￣￣￣￣￣￣￣
                                          输出Hm_INVERSE矩阵：
￣￣￣￣￣￣￣￣￣￣￣￣￣￣￣￣￣￣￣￣￣￣￣￣￣￣￣￣￣￣￣￣￣￣￣￣￣￣￣￣￣￣￣￣￣￣￣￣￣￣
                              1                         2                         3                         4                         5                         6                         7                         8                         9                        10                        11                        12                        13                        14                        15                        16                        17                        18                        19                        20                        21                        22                        23                        24                        25                        26                        27                        28                        29                        30                        31                        32                        33
    1          89379.6811025360           3948.2927304291          19066.7101145247             33.0075378813            -75.1292837022            -82.9397190702            -78.9438872040           -693.6247894682           -140.1905568830           -489.6801892261           -152.9477427186            -65.7739226948             -0.9727092830              1.5675373134              1.7603222618              4.9762422853              4.3618324835              1.6409318304              2.4597641356              0.8246083950              2.6896386346              1.3303585504              1.9335225660              1.0847742528              0.2644629926              0.0060184987             -0.0073660437             -0.0074094763             -0.0308383368             -0.0394141760             -0.0524503398             -0.0402555382             -0.0124000116
    2           3948.2927304291         119293.3718134834          13791.4353665458           -120.0137776543           -135.9203223354           -462.0440547947           -204.8606581730           -108.4964162889          -1070.1868051879           -500.4178877451          -1277.6256543211           -379.2007415867              1.2572867608              1.7608148022              8.4973164029             10.5524786323             14.2094263394              5.4767421587              0.4593273167              3.5127694810              2.4624893254              7.2716831544              6.1426341843              7.3809984516              2.5699362799             -0.0043430304             -0.0045856587             -0.0343551926             -0.0689870010             -0.1440952773             -0.1424694594             -0.1164299863             -0.0397379566
    3          19066.7101145246          13791.4353665457          91862.5463602857            -32.7856281654           -200.7435393251           -210.5765780604           -402.7453891524            -53.2738968106           -154.7502883716           -764.9551018864           -698.4895345028          -1112.8796271535              0.2825626417              1.9017839095              5.2003707796             13.0022112536             10.8824327680              8.7008400089              0.0929970852              0.6027190395              2.3751128402              3.1144191395              7.2956755685              7.2526738561              6.3572534166             -0.0010451594             -0.0067299902             -0.0168010353             -0.0544113831             -0.1141857809             -0.1763815320             -0.1188941636             -0.0581825196
    4             33.0075378813           -120.0137776543            -32.7856281654           1703.4581017179            369.7321033794            576.5529618464            114.7556765690             -1.7072914693              3.2502978008              1.3095267584              1.9946021940              0.4701680054            -18.2024698841             -6.0170625911            -13.2968002466             -6.2867420334             -3.8019243377             -1.0775207012              0.0112867010             -0.0163376365             -0.0096093697             -0.0283224874             -0.0195829158             -0.0097038568             -0.0007539037              0.0676557202              0.0277452665              0.0682779726              0.0462655593              0.0539041543              0.0331868769              0.0134245963              0.0029926779
    5            -75.1292837022           -135.9203223353           -200.7435393251            369.7321033794           3030.9473184151           1002.6424733962            913.9652267662              1.6976495633              2.7540287947             11.7930589546              8.0546634153              4.5743752420             -4.5145447532            -33.1691514516            -21.8784902220            -41.7235466331            -19.8456549610             -9.1209832093             -0.0056536408             -0.0086443765             -0.0751656333             -0.0924063352             -0.1309365972             -0.0802670355             -0.0301170015              0.0167195466              0.1168493703              0.1034732446              0.2319353751              0.1982119651              0.2279021981              0.1228400958              0.0406585833
    6            -82.9397190701           -462.0440547947           -210.5765780605            576.5529618464           1002.6424733962           3739.0744164735           1361.7056658623              1.3466123156              8.4350632230             14.7037320075             21.2049230399              7.1915077413             -2.7776608888            -10.5185756069            -41.9164108190            -42.4125967863            -66.9201355031            -28.5361256456             -0.0052550642             -0.0279384955             -0.0776997762             -0.2126739919             -0.2485535360             -0.2008852261             -0.0543053631              0.0039812464              0.0347954599              0.1365999918              0.1903776739              0.3959875140              0.4366082613              0.4630528940              0.1903113038
    7            -78.9438872039           -204.8606581730           -402.7453891525            114.7556765690            913.9652267662           1361.7056658623           2809.1443324206              0.3671004897              4.0112812790             12.1335985947             13.2014641144             11.0540595747             -0.6102703994             -5.1468621759            -12.7946858797            -37.3589949513            -45.6278387049            -47.5039349538             -0.0005648197             -0.0093126352             -0.0428135356             -0.1259484236             -0.2150961520             -0.1586680532             -0.0829088975              0.0010068909              0.0116480014              0.0364681647              0.1100699753              0.1989045398              0.3870094369              0.4223000719              0.2913622037
    8           -693.6247894682           -108.4964162889            -53.2738968106             -1.7072914693              1.6976495633              1.3466123156              0.3671004897              9.9296358974              2.9219655072              3.4831251350              0.9973232523              0.1945502290              0.0324670908             -0.0347655083             -0.0396247303             -0.0469799502             -0.0289117601             -0.0021733546             -0.0430693729             -0.0163821355             -0.0274036729             -0.0143744031             -0.0083307996             -0.0029555650             -0.0004854091             -0.0001857605              0.0001682687              0.0002398765              0.0004201866              0.0003582377              0.0002803298              0.0001675175              0.0000060434
    9           -140.1905568830          -1070.1868051879           -154.7502883716              3.2502978008              2.7540287947              8.4350632230              4.0112812790              2.9219655072             20.8952903436              9.9363321216             10.0198490528              1.9388634146             -0.0323516081             -0.0381715074             -0.1966410700             -0.1988855495             -0.2167276605             -0.0971720841             -0.0127913085             -0.0918747691             -0.0714760111             -0.1183777313             -0.0685688609             -0.0359086054             -0.0054062071              0.0001048434              0.0001288984              0.0010675866              0.0014789094              0.0022327326              0.0020238593              0.0017143046              0.0007403701
   10           -489.6801892261           -500.4178877451           -764.9551018864              1.3095267584             11.7930589546             14.7037320075             12.1335985947              3.4831251350              9.9363321216             32.6455422005             18.6859497839             10.1561227215             -0.0108801745             -0.1370304474             -0.2641590625             -0.5797768864             -0.5535093617             -0.2796220586             -0.0056623656             -0.0427609083             -0.1568847982             -0.1613573919             -0.2436105801             -0.1487456507             -0.0529629879              0.0000430578              0.0004679634              0.0010488423              0.0032219543              0.0050754627              0.0068847447              0.0053629140              0.0020770849
   11           -152.9477427186          -1277.6256543211           -698.4895345028              1.9946021940              8.0546634153             21.2049230399             13.2014641144              0.9973232523             10.0198490528             18.6859497839             43.1401305198             20.3886319133             -0.0079164536             -0.0707589367             -0.3533807548             -0.6186914144             -0.7251135658             -0.3212941501             -0.0014830800             -0.0202116828             -0.0670224732             -0.2010922847             -0.2741624463             -0.3659915325             -0.1650842818              0.0000047844              0.0001810338              0.0010350560              0.0028695318              0.0070310943              0.0090601268              0.0069656667              0.0022692418
   12            -65.7739226948           -379.2007415867          -1112.8796271535              0.4701680054              4.5743752420              7.1915077413             11.0540595747              0.1945502290              1.9388634146             10.1561227215             20.3886319133             26.3679130943             -0.0010156016             -0.0243486701             -0.1549981409             -0.3690049464             -0.3203072657             -0.2321005960             -0.0003922596             -0.0026715711             -0.0194574664             -0.0648471028             -0.1702752097             -0.2408212219             -0.1932268668             -0.0000005287              0.0000394881              0.0003075913              0.0013093186              0.0038159898              0.0055880698              0.0033183220              0.0013545127
   13             -0.9727092830              1.2572867608              0.2825626417            -18.2024698841             -4.5145447532             -2.7776608888             -0.6102703994              0.0324670908             -0.0323516081             -0.0108801745             -0.0079164536             -0.0010156016              0.2390742186              0.0816418367              0.0866713717              0.0402018561              0.0133241012              0.0033929062             -0.0002178820              0.0001670521              0.0000776752              0.0001755332              0.0001058170             -0.0000030278             -0.0000294867             -0.0009937484             -0.0003976394             -0.0005541985             -0.0003631764             -0.0002327648             -0.0001146392             -0.0000347087             -0.0000086070
   14              1.5675373134              1.7608148022              1.9017839095             -6.0170625911            -33.1691514516            -10.5185756069             -5.1468621759             -0.0347655083             -0.0381715074             -0.1370304474             -0.0707589367             -0.0243486701              0.0816418367              0.5115069230              0.3108325405              0.3315209320              0.1161266196              0.0356015946              0.0001451397              0.0001757861              0.0010726844              0.0009380418              0.0009801554              0.0004723140              0.0000908815             -0.0003193461             -0.0021639602             -0.0018086871             -0.0027214031             -0.0018405595             -0.0011559542             -0.0003404817             -0.0000877127
   15              1.7603222618              8.4973164029              5.2003707796            -13.2968002466            -21.8784902220            -41.9164108190            -12.7946858797             -0.0396247303             -0.1966410700             -0.2641590625             -0.3533807548             -0.1549981409              0.0866713717              0.3108325405              0.9224159453              0.7035898308              0.5511091528              0.1615474156              0.0001929919              0.0009305429              0.0018113492              0.0036665934              0.0036030731              0.0030916197              0.0012512464             -0.0001322035             -0.0012021717             -0.0041728991             -0.0047658882             -0.0066674882             -0.0048813069             -0.0025825907             -0.0006344338
   16              4.9762422853             10.5524786323             13.0022112536             -6.2867420334            -41.7235466331            -42.4125967863            -37.3589949513             -0.0469799502             -0.1988855495             -0.5797768864             -0.6186914144             -0.3690049464              0.0402018561              0.3315209320              0.7035898308              1.5222670110              1.1886366091              0.5878188639              0.0001232485              0.0006838755              0.0029116225              0.0058826483              0.0090172462              0.0070316838              0.0029265836             -0.0000681951             -0.0007342547             -0.0025321540             -0.0068894636             -0.0095012720             -0.0129961643             -0.0093421965             -0.0034325136
   17              4.3618324835             14.2094263394             10.8824327680             -3.8019243377            -19.8456549610            -66.9201355031            -45.6278387049             -0.0289117601             -0.2167276605             -0.5535093617             -0.7251135658             -0.3203072657              0.0133241012              0.1161266196              0.5511091528              1.1886366091              2.0267800512              1.1050470325              0.0000519511              0.0004609961              0.0021477954              0.0068695447              0.0103107640              0.0081582976              0.0023898867             -0.0000207323             -0.0001823597             -0.0011277910             -0.0036958416             -0.0094129645             -0.0151509660             -0.0178795787             -0.0082702659
   18              1.6409318304              5.4767421587              8.7008400089             -1.0775207012             -9.1209832093            -28.5361256456            -47.5039349538             -0.0021733546             -0.0971720841             -0.2796220586             -0.3212941501             -0.2321005960              0.0033929062              0.0356015946              0.1615474156              0.5878188639              1.1050470325              1.0492068041             -0.0000105072              0.0001365833              0.0007512116              0.0033186169              0.0055743691              0.0038091069              0.0015513712             -0.0000055605             -0.0000625164             -0.0002441276             -0.0011576879             -0.0035563742             -0.0083091422             -0.0113469179             -0.0074990970
   19              2.4597641356              0.4593273167              0.0929970852              0.0112867010             -0.0056536408             -0.0052550642             -0.0005648197             -0.0430693729             -0.0127913085             -0.0056623656             -0.0014830800             -0.0003922596             -0.0002178820              0.0001451397              0.0001929919              0.0001232485              0.0000519511             -0.0000105072              0.0002104866              0.0000774965              0.0000478554              0.0000293953              0.0000156840              0.0000033863              0.0000000906              0.0000012602             -0.0000007878             -0.0000014652             -0.0000014374             -0.0000006084             -0.0000001235             -0.0000002200              0.0000000181
   20              0.8246083950              3.5127694810              0.6027190395             -0.0163376365             -0.0086443765             -0.0279384955             -0.0093126352             -0.0163821355             -0.0918747691             -0.0427609083             -0.0202116828             -0.0026715711              0.0001670521              0.0001757861              0.0009305429              0.0006838755              0.0004609961              0.0001365833              0.0000774965              0.0005326843              0.0003768980              0.0003038493              0.0001363354              0.0000590647              0.0000019757             -0.0000005411             -0.0000005111             -0.0000060417             -0.0000073886             -0.0000074650             -0.0000034276             -0.0000013639             -0.0000005408
   21              2.6896386346              2.4624893254              2.3751128402             -0.0096093697             -0.0751656333             -0.0776997762             -0.0428135356             -0.0274036729             -0.0714760111             -0.1568847982             -0.0670224732             -0.0194574664              0.0000776752              0.0010726844              0.0018113492              0.0029116225              0.0021477954              0.0007512116              0.0000478554              0.0003768980              0.0012250933              0.0009435425              0.0006748786              0.0002420574              0.0000586875             -0.0000003644             -0.0000041049             -0.0000086024             -0.0000225158             -0.0000279699             -0.0000255294             -0.0000140648             -0.0000038049
   22              1.3303585504              7.2716831544              3.1144191395             -0.0283224874             -0.0924063352             -0.2126739919             -0.1259484236             -0.0143744031             -0.1183777313             -0.1613573919             -0.2010922847             -0.0648471028              0.0001755332              0.0009380418              0.0036665934              0.0058826483              0.0068695447              0.0033186169              0.0000293953              0.0003038493              0.0009435425              0.0022348114              0.0018781346              0.0010920681              0.0002860049             -0.0000003101             -0.0000028292             -0.0000149286             -0.0000335552             -0.0000616598             -0.0000741952             -0.0000647230             -0.0000264535
   23              1.9335225660              6.1426341843              7.2956755685             -0.0195829158             -0.1309365972             -0.2485535360             -0.2150961520             -0.0083307996             -0.0685688609             -0.2436105801             -0.2741624463             -0.1702752097              0.0001058170              0.0009801554              0.0036030731              0.0090172462              0.0103107640              0.0055743691              0.0000156840              0.0001363354              0.0006748786              0.0018781346              0.0035117062              0.0028078750              0.0011349019             -0.0000001795             -0.0000016480             -0.0000102085             -0.0000391966             -0.0000833435             -0.0001275193             -0.0001096713             -0.0000444224
   24              1.0847742528              7.3809984516              7.2526738561             -0.0097038568             -0.0802670355             -0.2008852261             -0.1586680532             -0.0029555650             -0.0359086054             -0.1487456507             -0.3659915325             -0.2408212219             -0.0000030278              0.0004723140              0.0030916197              0.0070316838              0.0081582976              0.0038091069              0.0000033863              0.0000590647              0.0002420574              0.0010920681              0.0028078750              0.0042335800              0.0021714315              0.0000000647             -0.0000005625             -0.0000042921             -0.0000244887             -0.0000788786             -0.0001139714             -0.0000829728             -0.0000256361
   25              0.2644629926              2.5699362799              6.3572534166             -0.0007539037             -0.0301170015             -0.0543053631             -0.0829088975             -0.0004854091             -0.0054062071             -0.0529629879             -0.1650842818             -0.1932268668             -0.0000294867              0.0000908815              0.0012512464              0.0029265836              0.0023898867              0.0015513712              0.0000000906              0.0000019757              0.0000586875              0.0002860049              0.0011349019              0.0021714315              0.0016615139              0.0000000927             -0.0000001027             -0.0000008734             -0.0000077834             -0.0000339576             -0.0000488372             -0.0000234421             -0.0000064191
   26              0.0060184987             -0.0043430304             -0.0010451594              0.0676557202              0.0167195466              0.0039812464              0.0010068909             -0.0001857605              0.0001048434              0.0000430578              0.0000047844             -0.0000005287             -0.0009937484             -0.0003193461             -0.0001322035             -0.0000681951             -0.0000207323             -0.0000055605              0.0000012602             -0.0000005411             -0.0000003644             -0.0000003101             -0.0000001795              0.0000000647              0.0000000927              0.0000044566              0.0000016326              0.0000008924              0.0000006726              0.0000003831              0.0000001863              0.0000000472              0.0000000160
   27             -0.0073660437             -0.0045856587             -0.0067299902              0.0277452665              0.1168493703              0.0347954599              0.0116480014              0.0001682687              0.0001288984              0.0004679634              0.0001810338              0.0000394881             -0.0003976394             -0.0021639602             -0.0012021717             -0.0007342547             -0.0001823597             -0.0000625164             -0.0000007878             -0.0000005111             -0.0000041049             -0.0000028292             -0.0000016480             -0.0000005625             -0.0000001027              0.0000016326              0.0000108290              0.0000080774              0.0000067148              0.0000038193              0.0000021540              0.0000003006              0.0000000642
   28             -0.0074094763             -0.0343551926             -0.0168010353              0.0682779726              0.1034732446              0.1365999918              0.0364681647              0.0002398765              0.0010675866              0.0010488423              0.0010350560              0.0003075913             -0.0005541985             -0.0018086871             -0.0041728991             -0.0025321540             -0.0011277910             -0.0002441276             -0.0000014652             -0.0000060417             -0.0000086024             -0.0000149286             -0.0000102085             -0.0000042921             -0.0000008734              0.0000008924              0.0000080774              0.0000257743              0.0000229132              0.0000179729              0.0000089722              0.0000032542              0.0000005477
   29             -0.0308383368             -0.0689870010             -0.0544113831              0.0462655593              0.2319353751              0.1903776739              0.1100699753              0.0004201866              0.0014789094              0.0032219543              0.0028695318              0.0013093186             -0.0003631764             -0.0027214031             -0.0047658882             -0.0068894636             -0.0036958416             -0.0011576879             -0.0000014374             -0.0000073886             -0.0000225158             -0.0000335552             -0.0000391966             -0.0000244887             -0.0000077834              0.0000006726              0.0000067148              0.0000229132              0.0000536745              0.0000507515              0.0000359874              0.0000156243              0.0000041690
   30             -0.0394141760             -0.1440952773             -0.1141857809              0.0539041543              0.1982119651              0.3959875140              0.1989045398              0.0003582377              0.0022327326              0.0050754627              0.0070310943              0.0038159898             -0.0002327648             -0.0018405595             -0.0066674882             -0.0095012720             -0.0094129645             -0.0035563742             -0.0000006084             -0.0000074650             -0.0000279699             -0.0000616598             -0.0000833435             -0.0000788786             -0.0000339576              0.0000003831              0.0000038193              0.0000179729              0.0000507515              0.0000980507              0.0000951949              0.0000602324              0.0000184081
   31             -0.0524503398             -0.1424694594             -0.1763815320              0.0331868769              0.2279021981              0.4366082613              0.3870094369              0.0002803298              0.0020238593              0.0068847447              0.0090601268              0.0055880698             -0.0001146392             -0.0011559542             -0.0048813069             -0.0129961643             -0.0151509660             -0.0083091422             -0.0000001235             -0.0000034276             -0.0000255294             -0.0000741952             -0.0001275193             -0.0001139714             -0.0000488372              0.0000001863              0.0000021540              0.0000089722              0.0000359874              0.0000951949              0.0001633652              0.0001423757              0.0000571062
   32             -0.0402555382             -0.1164299863             -0.1188941636              0.0134245963              0.1228400958              0.4630528940              0.4223000719              0.0001675175              0.0017143046              0.0053629140              0.0069656667              0.0033183220             -0.0000347087             -0.0003404817             -0.0025825907             -0.0093421965             -0.0178795787             -0.0113469179             -0.0000002200             -0.0000013639             -0.0000140648             -0.0000647230             -0.0001096713             -0.0000829728             -0.0000234421              0.0000000472              0.0000003006              0.0000032542              0.0000156243              0.0000602324              0.0001423757              0.0001863501              0.0000921973
   33             -0.0124000116             -0.0397379566             -0.0581825196              0.0029926779              0.0406585833              0.1903113038              0.2913622037              0.0000060434              0.0007403701              0.0020770849              0.0022692418              0.0013545127             -0.0000086070             -0.0000877127             -0.0006344338             -0.0034325136             -0.0082702659             -0.0074990970              0.0000000181             -0.0000005408             -0.0000038049             -0.0000264535             -0.0000444224             -0.0000256361             -0.0000064191              0.0000000160              0.0000000642              0.0000005477              0.0000041690              0.0000184081              0.0000571062              0.0000921973              0.0000595442


￣￣￣￣￣￣￣￣￣￣￣￣￣￣￣￣￣￣￣￣￣￣￣￣￣￣￣￣￣￣￣￣￣￣￣￣￣￣￣￣￣￣￣￣￣￣￣￣￣￣
                                          输出Hm_INVERSE矩阵：
￣￣￣￣￣￣￣￣￣￣￣￣￣￣￣￣￣￣￣￣￣￣￣￣￣￣￣￣￣￣￣￣￣￣￣￣￣￣￣￣￣￣￣￣￣￣￣￣￣￣
